2
5
5 4
2 1
3 2
4 2
10
2 5 -8
5 2 -3
4 4 -6
4 3 -1
2 2 3
1 3 6
2 4 -8
4 4 -5
5 3 8
2 1 6
16
13 7
10 6
6 4
8 4
9 4
16 12
14 8
2 1
3 1
12 1
15 10
4 3
11 3
5 2
7 2
36
1 9 32344
16 8 335632
7 14 -184549
4 14 -566786
11 9 -710223
7 4 -902974
12 6 434571
13 14 471558
3 10 642273
3 7 292965
15 4 -643712
15 12 879886
15 8 -307835
15 5 -244965
10 8 612065
11 11 348816
3 6 527481
16 14 567975
12 7 -950446
14 5 -144486
6 7 -283238
6 1 353436
7 4 -748946
11 14 120982
1 12 -923018
13 9 -136443
2 15 564490
6 2 429536
8 7 -384482
1 13 -438491
7 8 -682297
4 2 570947
10 8 724338
4 10 906307
10 10 -968424
2 1 252342